Type;FSV-40;
Version;2.30 SP1;
Date;08.Jan 16;
Mode;ANALYZER;
Center Freq;10000000000.000000;Hz
Freq Offset;0.000000;Hz
Span;1000000.000000;Hz
x-Axis;LIN;
Start;9999500000.000000;Hz
Stop;10000500000.000000;Hz
Ref Level;-68.000000;dBm
Level Offset;0.000000;dB
Ref Position;100.000000;%
y-Axis;LOG;
Level Range;100.000000;dB
Rf Att;0.000000;dB
El Att;0.000000;dB
RBW;1.000000;Hz
VBW;1.000000;Hz
SWT;11.377200;s
Trace Mode;CLR/WRITE;
Detector;AUTOPEAK;
Sweep Count;0;
Trace 1:;;
x-Unit;Hz;
y-Unit;dBm;
Preamplifier;OFF;
Transducer;OFF;
Values;691;
9999500000;-137.04598999023437;-200
9999501449.275362;-136.87586975097656;-189.58149719238281
9999502898.550724;-136.07572937011719;-185.81527709960937
9999504347.826086;-136.83917236328125;-188.11512756347656
9999505797.1014481;-136.75668334960937;-190.11012268066406
9999507246.3768101;-136.99696350097656;-200
9999508695.6521721;-136.63285827636719;-187.94427490234375
9999510144.9275341;-137.66505432128906;-189.55168151855469
9999511594.2028961;-137.48184204101562;-191.41329956054687
9999513043.4782581;-137.2728271484375;-181.44486999511719
9999514492.7536201;-136.17416381835937;-186.76071166992187
9999515942.0289822;-136.80517578125;-193.84829711914062
9999517391.3043442;-136.51039123535156;-196.42692565917969
9999518840.5797062;-136.30287170410156;-189.3450927734375
9999520289.8550682;-137.51615905761719;-191.96897888183594
9999521739.1304302;-137.34944152832031;-197.7899169921875
9999523188.4057922;-136.77149963378906;-188.43440246582031
9999524637.6811543;-136.41841125488281;-195.19606018066406
9999526086.9565163;-137.50950622558594;-186.52098083496094
9999527536.2318783;-136.99259948730469;-182.21897888183594
9999528985.5072403;-137.70809936523437;-193.82786560058594
9999530434.7826023;-137.57644653320312;-191.56642150878906
9999531884.0579643;-135.89544677734375;-186.83760070800781
9999533333.3333263;-136.72380065917969;-200
9999534782.6086884;-136.73773193359375;-186.35052490234375
9999536231.8840504;-137.4183349609375;-182.54525756835937
9999537681.1594124;-136.61213684082031;-184.66297912597656
9999539130.4347744;-137.54876708984375;-198.1396484375
9999540579.7101364;-136.8399658203125;-186.00479125976562
9999542028.9854984;-136.83219909667969;-190.53068542480469
9999543478.2608604;-136.88008117675781;-181.67048645019531
9999544927.5362225;-137.0101318359375;-185.32426452636719
9999546376.8115845;-137.47149658203125;-186.54576110839844
9999547826.0869465;-136.86782836914062;-180.77284240722656
9999549275.3623085;-135.74565124511719;-191.64019775390625
9999550724.6376705;-136.05194091796875;-194.83404541015625
9999552173.9130325;-136.47770690917969;-186.50602722167969
9999553623.1883945;-137.87098693847656;-193.57496643066406
9999555072.4637566;-135.78567504882812;-189.56643676757812
9999556521.7391186;-136.87222290039063;-198.09378051757812
9999557971.0144806;-136.51261901855469;-185.18545532226562
9999559420.2898426;-137.06315612792969;-185.94976806640625
9999560869.5652046;-137.5634765625;-186.211181640625
9999562318.8405666;-125.3338623046875;-185.69532775878906
9999563768.1159286;-136.60284423828125;-182.33729553222656
9999565217.3912907;-136.45005798339844;-183.47895812988281
9999566666.6666527;-137.47421264648437;-195.572509765625
9999568115.9420147;-136.46917724609375;-191.04924011230469
9999569565.2173767;-136.63827514648437;-192.88101196289062
9999571014.4927387;-136.57113647460937;-198.44645690917969
9999572463.7681007;-136.28071594238281;-200
9999573913.0434628;-136.55972290039062;-186.85789489746094
9999575362.3188248;-135.93885803222656;-196.68746948242187
9999576811.5941868;-137.43550109863281;-188.71115112304687
9999578260.8695488;-136.85054016113281;-183.8995361328125
9999579710.1449108;-136.5498046875;-200
9999581159.4202728;-137.48350524902344;-186.57481384277344
9999582608.6956348;-136.82601928710937;-196.37750244140625
9999584057.9709969;-137.20668029785156;-184.7130126953125
9999585507.2463589;-137.26936340332031;-195.94940185546875
9999586956.5217209;-137.46009826660156;-187.68170166015625
9999588405.7970829;-137.25283813476562;-187.98806762695312
9999589855.0724449;-136.62582397460937;-189.18858337402344
9999591304.3478069;-137.84063720703125;-184.70762634277344
9999592753.6231689;-136.77499389648437;-189.91339111328125
9999594202.898531;-136.40266418457031;-192.86331176757812
9999595652.173893;-134.3782958984375;-190.38092041015625
9999597101.449255;-135.98214721679687;-192.45632934570312
9999598550.724617;-136.48429870605469;-200
9999599999.999979;-137.44001770019531;-192.86428833007812
9999601449.275341;-137.23054504394531;-193.52784729003906
9999602898.550703;-136.19230651855469;-189.47149658203125
9999604347.8260651;-137.58786010742187;-189.30412292480469
9999605797.1014271;-137.88301086425781;-192.70527648925781
9999607246.3767891;-136.76908874511719;-189.94453430175781
9999608695.6521511;-136.94841003417969;-181.57406616210937
9999610144.9275131;-138.04502868652344;-188.66726684570312
9999611594.2028751;-137.00907897949219;-189.61276245117187
9999613043.4782372;-137.63241577148437;-190.56611633300781
9999614492.7535992;-137.06137084960937;-188.35957336425781
9999615942.0289612;-137.11279296875;-191.22943115234375
9999617391.3043232;-136.99209594726562;-192.01249694824219
9999618840.5796852;-137.09428405761719;-200
9999620289.8550472;-136.95559692382812;-198.53778076171875
9999621739.1304092;-137.47547912597656;-185.07670593261719
9999623188.4057713;-137.72200012207031;-187.79881286621094
9999624637.6811333;-136.32902526855469;-182.20309448242187
9999626086.9564953;-137.86662292480469;-190.01292419433594
9999627536.2318573;-126.74283599853516;-186.01249694824219
9999628985.5072193;-136.44926452636719;-184.3017578125
9999630434.7825813;-136.76307678222656;-184.02685546875
9999631884.0579433;-135.37013244628906;-183.74830627441406
9999633333.3333054;-136.96502685546875;-190.84754943847656
9999634782.6086674;-137.101806640625;-186.75393676757812
9999636231.8840294;-135.69969177246094;-189.91436767578125
9999637681.1593914;-136.9197998046875;-200
9999639130.4347534;-137.77102661132812;-187.94734191894531
9999640579.7101154;-137.77653503417969;-184.00367736816406
9999642028.9854774;-138.37998962402344;-193.25602722167969
9999643478.2608395;-137.32290649414062;-186.81536865234375
9999644927.5362015;-137.52507019042969;-182.88076782226562
9999646376.8115635;-137.7178955078125;-191.15217590332031
9999647826.0869255;-136.42269897460937;-183.23527526855469
9999649275.3622875;-135.02651977539062;-198.72950744628906
9999650724.6376495;-136.06932067871094;-191.07423400878906
9999652173.9130116;-137.70671081542969;-189.33578491210937
9999653623.1883736;-136.72978210449219;-186.02369689941406
9999655072.4637356;-136.64785766601562;-181.67204284667969
9999656521.7390976;-136.14402770996094;-193.79972839355469
9999657971.0144596;-136.47044372558594;-190.69364929199219
9999659420.2898216;-136.55555725097656;-179.85580444335938
9999660869.5651836;-125.94612121582031;-174.16792297363281
9999662318.8405457;-137.14279174804687;-172.32264709472656
9999663768.1159077;-139.27520751953125;-168.53692626953125
9999665217.3912697;-139.27981567382812;-169.67431640625
9999666666.6666317;-138.56724548339844;-166.70631408691406
9999668115.9419937;-138.94061279296875;-173.7418212890625
9999669565.2173557;-138.45594787597656;-173.14329528808594
9999671014.4927177;-138.55885314941406;-176.98666381835937
9999672463.7680798;-137.10281372070313;-178.96542358398437
9999673913.0434418;-137.18748474121094;-186.92745971679687
9999675362.3188038;-137.51179504394531;-184.71603393554687
9999676811.5941658;-137.61178588867187;-185.94090270996094
9999678260.8695278;-137.59994506835937;-186.37434387207031
9999679710.1448898;-137.01960754394531;-183.9185791015625
9999681159.4202518;-138.30125427246094;-185.93807983398437
9999682608.6956139;-136.97097778320312;-186.56246948242187
9999684057.9709759;-135.71005249023437;-189.45147705078125
9999685507.2463379;-137.66761779785156;-192.57937622070312
9999686956.5216999;-136.66502380371094;-185.6624755859375
9999688405.7970619;-137.46580505371094;-180.57276916503906
9999689855.0724239;-136.65048217773437;-187.43902587890625
9999691304.3477859;-138.19572448730469;-190.62875366210937
9999692753.623148;-137.16294860839844;-193.65731811523437
9999694202.89851;-137.613525390625;-189.96060180664062
9999695652.173872;-136.27586364746094;-196.2232666015625
9999697101.449234;-135.97885131835937;-199.23460388183594
9999698550.724596;-135.78831481933594;-192.82644653320312
9999699999.999958;-137.09407043457031;-193.65582275390625
9999701449.2753201;-137.35331726074219;-189.88540649414062
9999702898.5506821;-136.57884216308594;-192.46751403808594
9999704347.8260441;-137.17323303222656;-192.23905944824219
9999705797.1014061;-136.72438049316406;-193.839111328125
9999707246.3767681;-136.29019165039062;-190.07780456542969
9999708695.6521301;-135.59535217285156;-196.01612854003906
9999710144.9274921;-136.63825988769531;-183.58970642089844
9999711594.2028542;-124.27957916259766;-183.19252014160156
9999713043.4782162;-137.62712097167969;-185.97044372558594
9999714492.7535782;-135.91325378417969;-183.63420104980469
9999715942.0289402;-136.26045227050781;-184.66476440429687
9999717391.3043022;-136.14901733398437;-198.91693115234375
9999718840.5796642;-137.34587097167969;-189.51841735839844
9999720289.8550262;-136.09246826171875;-186.22785949707031
9999721739.1303883;-136.4866943359375;-184.17056274414062
9999723188.4057503;-136.48487854003906;-184.26617431640625
9999724637.6811123;-135.99241638183594;-185.53717041015625
9999726086.9564743;-136.86137390136719;-185.42234802246094
9999727536.2318363;-137.43406677246094;-187.43302917480469
9999728985.5071983;-137.48715209960937;-183.35768127441406
9999730434.7825603;-136.72248840332031;-184.26942443847656
9999731884.0579224;-136.80540466308594;-189.79771423339844
9999733333.3332844;-136.91983032226562;-182.9254150390625
9999734782.6086464;-135.54531860351562;-189.23887634277344
9999736231.8840084;-137.78103637695312;-194.65373229980469
9999737681.1593704;-137.36752319335937;-189.9359130859375
9999739130.4347324;-135.793212890625;-188.02900695800781
9999740579.7100945;-137.17103576660156;-190.07649230957031
9999742028.9854565;-136.0765380859375;-189.25167846679687
9999743478.2608185;-136.36856079101562;-189.85281372070312
9999744927.5361805;-134.15728759765625;-187.28367614746094
9999746376.8115425;-137.08770751953125;-191.43450927734375
9999747826.0869045;-137.46281433105469;-183.63688659667969
9999749275.3622665;-137.33816528320312;-186.658203125
9999750724.6376286;-137.47193908691406;-186.20590209960937
9999752173.9129906;-137.94927978515625;-187.38197326660156
9999753623.1883526;-138.06570434570312;-190.69219970703125
9999755072.4637146;-136.80021667480469;-185.26402282714844
9999756521.7390766;-136.43069458007812;-184.25004577636719
9999757971.0144386;-137.06044006347656;-186.56159973144531
9999759420.2898006;-138.13595581054687;-191.30404663085937
9999760869.5651627;-135.59164428710937;-184.57496643066406
9999762318.8405247;-136.06101989746094;-190.18925476074219
9999763768.1158867;-136.67056274414062;-184.3865966796875
9999765217.3912487;-136.74847412109375;-197.59188842773437
9999766666.6666107;-136.40025329589844;-185.60505676269531
9999768115.9419727;-137.335205078125;-193.44013977050781
9999769565.2173347;-136.90939331054687;-189.78581237792969
9999771014.4926968;-137.92146301269531;-187.03633117675781
9999772463.7680588;-137.60987854003906;-197.83407592773437
9999773913.0434208;-137.80630493164062;-182.08383178710937
9999775362.3187828;-137.04141235351562;-188.78326416015625
9999776811.5941448;-127.13014221191406;-188.1683349609375
9999778260.8695068;-137.73350524902344;-200
9999779710.1448689;-135.37434387207031;-185.10935974121094
9999781159.4202309;-137.03953552246094;-195.730712890625
9999782608.6955929;-137.72749328613281;-186.67587280273437
9999784057.9709549;-137.25234985351562;-182.95872497558594
9999785507.2463169;-137.26783752441406;-182.19328308105469
9999786956.5216789;-137.03033447265625;-190.62599182128906
9999788405.7970409;-137.63323974609375;-192.17604064941406
9999789855.072403;-137.03164672851563;-193.99844360351562
9999791304.347765;-136.49934387207031;-196.47001647949219
9999792753.623127;-137.58387756347656;-190.01359558105469
9999794202.898489;-136.66606140136719;-191.65798950195312
9999795652.173851;-136.57846069335938;-187.25930786132812
9999797101.449213;-136.47926330566406;-187.37954711914062
9999798550.724575;-136.27725219726562;-192.29460144042969
9999799999.9999371;-137.15266418457031;-192.45152282714844
9999801449.2752991;-137.39256286621094;-183.44320678710937
9999802898.5506611;-136.27078247070313;-194.4871826171875
9999804347.8260231;-136.46151733398438;-184.42434692382812
9999805797.1013851;-137.50801086425781;-192.14579772949219
9999807246.3767471;-136.68260192871094;-181.87980651855469
9999808695.6521091;-136.91860961914062;-200
9999810144.9274712;-125.88491821289062;-187.10719299316406
9999811594.2028332;-137.07142639160156;-188.63157653808594
9999813043.4781952;-136.71229553222656;-189.35931396484375
9999814492.7535572;-137.37464904785156;-186.67799377441406
9999815942.0289192;-137.24302673339844;-193.3433837890625
9999817391.3042812;-136.27377319335938;-187.03878784179687
9999818840.5796432;-136.34498596191406;-188.20814514160156
9999820289.8550053;-136.9376220703125;-183.10234069824219
9999821739.1303673;-136.77442932128906;-200
9999823188.4057293;-137.33737182617187;-196.151123046875
9999824637.6810913;-135.99327087402344;-191.25006103515625
9999826086.9564533;-136.55169677734375;-182.72750854492187
9999827536.2318153;-137.69779968261719;-179.88795471191406
9999828985.5071774;-137.64340209960937;-172.41714477539062
9999830434.7825394;-138.21173095703125;-171.57101440429687
9999831884.0579014;-138.64640808105469;-166.52052307128906
9999833333.3332634;-139.49520874023437;-169.02705383300781
9999834782.6086254;-138.65042114257812;-166.43614196777344
9999836231.8839874;-138.71409606933594;-168.48690795898437
9999837681.1593494;-138.62606811523437;-177.04090881347656
9999839130.4347115;-137.49227905273437;-176.90658569335938
9999840579.7100735;-135.38232421875;-189.15892028808594
9999842028.9854355;-135.89434814453125;-197.49946594238281
9999843478.2607975;-136.43753051757812;-186.43917846679687
9999844927.5361595;-136.68344116210937;-192.69900512695312
9999846376.8115215;-136.78776550292969;-200
9999847826.0868835;-137.09161376953125;-185.962158203125
9999849275.3622456;-124.97880554199219;-188.19564819335938
9999850724.6376076;-136.19493103027344;-185.54541015625
9999852173.9129696;-136.48756408691406;-188.47554016113281
9999853623.1883316;-136.91915893554687;-182.67752075195312
9999855072.4636936;-137.27630615234375;-183.80584716796875
9999856521.7390556;-136.94563293457031;-185.28016662597656
9999857971.0144176;-138.17962646484375;-191.71098327636719
9999859420.2897797;-136.99075317382812;-186.08836364746094
9999860869.5651417;-136.51548767089844;-189.42961120605469
9999862318.8405037;-137.70515441894531;-198.09068298339844
9999863768.1158657;-135.60276794433594;-191.36466979980469
9999865217.3912277;-137.81826782226562;-185.46481323242187
9999866666.6665897;-136.266845703125;-187.81710815429688
9999868115.9419518;-137.69886779785156;-189.24710083007812
9999869565.2173138;-137.61752319335937;-195.25788879394531
9999871014.4926758;-137.51565551757813;-189.0701904296875
9999872463.7680378;-136.91059875488281;-195.06150817871094
9999873913.0433998;-137.47654724121094;-183.31883239746094
9999875362.3187618;-136.72352600097656;-183.80438232421875
9999876811.5941238;-136.08811950683594;-180.22401428222656
9999878260.8694859;-137.16667175292969;-187.87127685546875
9999879710.1448479;-137.6417236328125;-198.29429626464844
9999881159.4202099;-126.64512634277344;-188.89154052734375
9999882608.6955719;-136.9949951171875;-200
9999884057.9709339;-138.10186767578125;-189.21839904785156
9999885507.2462959;-136.36431884765625;-194.64605712890625
9999886956.5216579;-136.62242126464844;-192.79862976074219
9999888405.79702;-135.95048522949219;-188.29570007324219
9999889855.072382;-136.98823547363281;-193.80731201171875
9999891304.347744;-135.82380676269531;-187.38102722167969
9999892753.623106;-136.7283935546875;-192.1485595703125
9999894202.898468;-136.49838256835937;-184.31208801269531
9999895652.17383;-136.32742309570312;-187.70005798339844
9999897101.449192;-137.906982421875;-185.95677185058594
9999898550.7245541;-137.51622009277344;-195.00373840332031
9999899999.9999161;-136.63035583496094;-188.13093566894531
9999901449.2752781;-136.74311828613281;-183.25151062011719
9999902898.5506401;-137.46713256835937;-192.67506408691406
9999904347.8260021;-136.71891784667969;-194.70404052734375
9999905797.1013641;-136.15475463867187;-191.38577270507812
9999907246.3767262;-136.17095947265625;-192.05880737304687
9999908695.6520882;-136.48002624511719;-185.27102661132812
9999910144.9274502;-135.60397338867187;-185.75445556640625
9999911594.2028122;-137.58761596679687;-200
9999913043.4781742;-136.30833435058594;-187.91000366210937
9999914492.7535362;-135.05853271484375;-186.33058166503906
9999915942.0288982;-136.77876281738281;-183.05526733398437
9999917391.3042603;-135.77201843261719;-193.11308288574219
9999918840.5796223;-136.51042175292969;-185.90017700195312
9999920289.8549843;-136.57951354980469;-196.03288269042969
9999921739.1303463;-137.46763610839844;-185.10597229003906
9999923188.4057083;-136.94691467285156;-184.29904174804687
9999924637.6810703;-136.79986572265625;-181.16481018066406
9999926086.9564323;-137.17025756835937;-192.56048583984375
9999927536.2317944;-137.49563598632812;-186.64610290527344
9999928985.5071564;-137.69735717773437;-188.16490173339844
9999930434.7825184;-137.404296875;-189.13978576660156
9999931884.0578804;-137.45478820800781;-185.52177429199219
9999933333.3332424;-136.71775817871094;-193.25387573242187
9999934782.6086044;-136.94076538085937;-187.84719848632812
9999936231.8839664;-135.16645812988281;-187.48658752441406
9999937681.1593285;-135.39506530761719;-189.66648864746094
9999939130.4346905;-135.31182861328125;-182.53866577148437
9999940579.7100525;-136.53048706054687;-182.82475280761719
9999942028.9854145;-136.23731994628906;-200
9999943478.2607765;-136.8614501953125;-196.42056274414062
9999944927.5361385;-136.11878967285156;-190.06944274902344
9999946376.8115005;-125.24370574951172;-186.01979064941406
9999947826.0868626;-137.67112731933594;-189.80355834960937
9999949275.3622246;-138.35317993164062;-195.59197998046875
9999950724.6375866;-135.48193359375;-185.92587280273438
9999952173.9129486;-135.70822143554687;-185.64129638671875
9999953623.1883106;-136.53961181640625;-199.54139709472656
9999955072.4636726;-136.11256408691406;-199.38485717773437
9999956521.7390347;-136.50794982910156;-199.11201477050781
9999957971.0143967;-137.31373596191406;-193.70661926269531
9999959420.2897587;-136.59037780761719;-187.012451171875
9999960869.5651207;-137.05722045898437;-194.53640747070312
9999962318.8404827;-136.48187255859375;-186.19764709472656
9999963768.1158447;-137.02645874023437;-183.82289123535156
9999965217.3912067;-137.11880493164062;-197.72879028320312
9999966666.6665688;-137.10539245605469;-183.78849792480469
9999968115.9419308;-136.992919921875;-194.61053466796875
9999969565.2172928;-136.83546447753906;-187.74690246582031
9999971014.4926548;-136.56390380859375;-187.96018981933594
9999972463.7680168;-137.31216430664062;-186.78021240234375
9999973913.0433788;-137.59263610839844;-183.41229248046875
9999975362.3187408;-136.98193359375;-188.13287353515625
9999976811.5941029;-137.0780029296875;-182.63119506835937
9999978260.8694649;-138.57109069824219;-190.63209533691406
9999979710.1448269;-137.10237121582031;-191.86357116699219
9999981159.4201889;-136.97911071777344;-194.3167724609375
9999982608.6955509;-137.44674682617187;-198.20584106445312
9999984057.9709129;-137.19268798828125;-185.29597473144531
9999985507.2462749;-137.79695129394531;-188.76866149902344
9999986956.521637;-136.21600341796875;-183.84825134277344
9999988405.796999;-137.31671142578125;-182.48979187011719
9999989855.072361;-137.09242248535156;-184.354736328125
9999991304.347723;-136.29029846191406;-186.28953552246094
9999992753.623085;-137.34457397460937;-186.46990966796875
9999994202.898447;-137.69548034667969;-174.52619934082031
9999995652.1738091;-137.70396423339844;-172.03814697265625
9999997101.4491711;-138.58879089355469;-173.62991333007812
9999998550.7245331;-138.29583740234375;-168.64851379394531
9999999999.9998951;-128.16787719726562;-169.09169006347656
10000001449.275257;-138.94400024414062;-166.44895935058594
10000002898.550619;-138.56536865234375;-175.19154357910156
10000004347.825981;-138.53099060058594;-176.13961791992187
10000005797.101343;-137.738037109375;-176.00767517089844
10000007246.376705;-136.94892883300781;-182.62686157226562
10000008695.652067;-137.42588806152344;-194.05783081054687
10000010144.927429;-137.35757446289062;-192.27728271484375
10000011594.202791;-125.57194519042969;-198.05961608886719
10000013043.478153;-137.32757568359375;-185.63186645507812
10000014492.753515;-137.07652282714844;-186.08753967285156
10000015942.028877;-137.27734375;-191.54292297363281
10000017391.304239;-137.42416381835937;-183.69873046875
10000018840.579601;-138.03886413574219;-200
10000020289.854963;-137.32853698730469;-196.00820922851562
10000021739.130325;-136.59759521484375;-189.70562744140625
10000023188.405687;-137.27987670898437;-183.61709594726562
10000024637.681049;-136.55322265625;-191.76960754394531
10000026086.956411;-136.72502136230469;-188.84933471679687
10000027536.231773;-137.02134704589844;-183.09953308105469
10000028985.507135;-136.03347778320312;-185.69007873535156
10000030434.782497;-136.70918273925781;-190.86628723144531
10000031884.057859;-137.32159423828125;-182.80886840820313
10000033333.333221;-137.0145263671875;-189.89701843261719
10000034782.608583;-137.91165161132812;-183.94052124023437
10000036231.883945;-136.88874816894531;-185.56358337402344
10000037681.159307;-137.16139221191406;-196.37458801269531
10000039130.434669;-137.37144470214844;-191.62629699707031
10000040579.710032;-137.47273254394531;-187.76313781738281
10000042028.985394;-136.60340881347656;-181.99728393554687
10000043478.260756;-136.43882751464844;-191.47662353515625
10000044927.536118;-133.91743469238281;-195.8826904296875
10000046376.81148;-136.30418395996094;-190.03858947753906
10000047826.086842;-137.30783081054687;-195.2164306640625
10000049275.362204;-137.30162048339844;-196.22113037109375
10000050724.637566;-136.83903503417969;-179.98863220214844
10000052173.912928;-136.48309326171875;-187.55865478515625
10000053623.18829;-136.99290466308594;-186.77030944824219
10000055072.463652;-136.37007141113281;-189.97108459472656
10000056521.739014;-137.4945068359375;-187.28608703613281
10000057971.014376;-136.95639038085937;-189.13775634765625
10000059420.289738;-135.69027709960937;-193.08924865722656
10000060869.5651;-136.44477844238281;-192.593994140625
10000062318.840462;-135.95701599121094;-184.36271667480469
10000063768.115824;-135.71342468261719;-190.82090759277344
10000065217.391186;-136.69102478027344;-186.78773498535156
10000066666.666548;-137.09732055664062;-197.12789916992187
10000068115.94191;-136.1890869140625;-184.48460388183594
10000069565.217272;-136.18621826171875;-188.98086547851562
10000071014.492634;-136.91893005371094;-190.03460693359375
10000072463.767996;-137.71394348144531;-188.523193359375
10000073913.043358;-135.28617858886719;-183.13209533691406
10000075362.31872;-136.77432250976563;-193.37466430664062
10000076811.594082;-127.04649353027344;-189.49388122558594
10000078260.869444;-137.65957641601562;-189.1297607421875
10000079710.144806;-137.69706726074219;-200
10000081159.420168;-136.68400573730469;-187.70980834960937
10000082608.69553;-136.14228820800781;-186.28373718261719
10000084057.970892;-137.67262268066406;-193.99467468261719
10000085507.246254;-136.73251342773437;-191.15306091308594
10000086956.521616;-135.5550537109375;-191.32073974609375
10000088405.796978;-137.71047973632812;-189.22836303710937
10000089855.07234;-136.90005493164062;-194.386962890625
10000091304.347702;-138.08753967285156;-188.74153137207031
10000092753.623064;-135.79315185546875;-197.13450622558594
10000094202.898426;-137.33607482910156;-192.33984375
10000095652.173788;-136.45663452148437;-188.01118469238281
10000097101.44915;-135.714111328125;-186.64778137207031
10000098550.724512;-137.14692687988281;-186.93878173828125
10000099999.999874;-137.35690307617187;-200
10000101449.275236;-137.11297607421875;-189.57530212402344
10000102898.550598;-137.37355041503906;-191.75065612792969
10000104347.82596;-136.20947265625;-192.77439880371094
10000105797.101322;-137.74897766113281;-191.88034057617187
10000107246.376684;-137.33201599121094;-192.64860534667969
10000108695.652046;-125.27338409423828;-195.56681823730469
10000110144.927408;-137.4422607421875;-191.56816101074219
10000111594.20277;-137.09779357910156;-188.06321716308594
10000113043.478132;-137.41844177246094;-181.81201171875
10000114492.753494;-136.89111328125;-182.39533996582031
10000115942.028856;-137.46891784667969;-196.28446960449219
10000117391.304218;-137.27336120605469;-183.38589477539062
10000118840.57958;-137.12936401367187;-195.07675170898437
10000120289.854942;-136.24917602539062;-192.064697265625
10000121739.130304;-136.26638793945312;-193.34634399414062
10000123188.405666;-136.30734252929687;-188.36993408203125
10000124637.681028;-136.51596069335937;-187.76829528808594
10000126086.95639;-136.87228393554687;-189.667724609375
10000127536.231752;-137.29788208007812;-183.22471618652344
10000128985.507114;-136.92483520507812;-187.92408752441406
10000130434.782476;-136.9580078125;-193.35916137695312
10000131884.057838;-136.0223388671875;-186.51869201660156
10000133333.3332;-138.11431884765625;-193.17762756347656
10000134782.608562;-136.43226623535156;-187.48179626464844
10000136231.883924;-137.76329040527344;-187.83485412597656
10000137681.159286;-136.49893188476562;-197.75503540039062
10000139130.434649;-136.88243103027344;-190.77189636230469
10000140579.710011;-136.35458374023437;-200
10000142028.985373;-137.47659301757812;-200
10000143478.260735;-137.38487243652344;-193.427001953125
10000144927.536097;-136.92649841308594;-184.81272888183594
10000146376.811459;-137.11677551269531;-188.43792724609375
10000147826.086821;-137.21063232421875;-199.87886047363281
10000149275.362183;-136.72035217285156;-190.7388916015625
10000150724.637545;-137.02641296386719;-186.20556640625
10000152173.912907;-135.75337219238281;-191.02682495117187
10000153623.188269;-136.19033813476562;-190.09194946289062
10000155072.463631;-137.21759033203125;-190.27761840820313
10000156521.738993;-137.19364929199219;-183.09364318847656
10000157971.014355;-136.56742858886719;-191.80596923828125
10000159420.289717;-136.30406188964844;-187.71012878417969
10000160869.565079;-138.62106323242187;-176.42852783203125
10000162318.840441;-138.44024658203125;-177.1463623046875
10000163768.115803;-138.82417297363281;-169.53857421875
10000165217.391165;-138.92608642578125;-171.95991516113281
10000166666.666527;-139.42864990234375;-170.08558654785156
10000168115.941889;-139.43679809570312;-171.92137145996094
10000169565.217251;-137.68995666503906;-169.25379943847656
10000171014.492613;-136.93080139160156;-173.15419006347656
10000172463.767975;-138.10435485839844;-177.03787231445312
10000173913.043337;-137.86988830566406;-181.87808227539062
10000175362.318699;-134.42437744140625;-185.33084106445312
10000176811.594061;-137.40582275390625;-192.48173522949219
10000178260.869423;-137.26383972167969;-187.51971435546875
10000179710.144785;-137.23800659179687;-189.90142822265625
10000181159.420147;-137.42497253417969;-190.59768676757812
10000182608.695509;-136.65704345703125;-183.35145568847656
10000184057.970871;-133.13609313964844;-190.09326171875
10000185507.246233;-136.26873779296875;-186.39146423339844
10000186956.521595;-136.36663818359375;-186.38017272949219
10000188405.796957;-137.10018920898437;-196.93672180175781
10000189855.072319;-137.28913879394531;-185.57630920410156
10000191304.347681;-136.69755554199219;-189.58509826660156
10000192753.623043;-137.15940856933594;-191.61422729492187
10000194202.898405;-136.88192749023437;-187.47969055175781
10000195652.173767;-136.44404602050781;-195.7393798828125
10000197101.449129;-137.32040405273437;-195.41094970703125
10000198550.724491;-137.80577087402344;-192.17147827148437
10000199999.999853;-137.63409423828125;-185.64485168457031
10000201449.275215;-136.90547180175781;-184.82643127441406
10000202898.550577;-137.34060668945313;-198.82882690429688
10000204347.825939;-136.98086547851562;-200
10000205797.101301;-136.42454528808594;-191.78559875488281
10000207246.376663;-137.24188232421875;-187.5474853515625
10000208695.652025;-137.25765991210937;-185.79594421386719
10000210144.927387;-137.0009765625;-188.57243347167969
10000211594.202749;-135.05085754394531;-197.38880920410156
10000213043.478111;-136.97328186035156;-184.95600891113281
10000214492.753473;-136.54093933105469;-188.61782836914062
10000215942.028835;-136.48748779296875;-188.11128234863281
10000217391.304197;-128.01966857910156;-187.75189208984375
10000218840.579559;-137.77827453613281;-185.90792846679687
10000220289.854921;-137.09628295898437;-183.77572631835937
10000221739.130283;-137.53753662109375;-185.25813293457031
10000223188.405645;-136.85818481445312;-187.48162841796875
10000224637.681007;-136.6937255859375;-191.55450439453125
10000226086.956369;-136.7894287109375;-187.72259521484375
10000227536.231731;-136.31700134277344;-185.64190673828125
10000228985.507093;-136.88169860839844;-183.43614196777344
10000230434.782455;-137.01127624511719;-185.21307373046875
10000231884.057817;-137.96882629394531;-180.16485595703125
10000233333.333179;-137.48171997070313;-186.51420593261719
10000234782.608541;-137.35182189941406;-186.47286987304687
10000236231.883904;-136.26051330566406;-185.46829223632812
10000237681.159266;-137.14544677734375;-192.43316650390625
10000239130.434628;-136.16313171386719;-185.81570434570312
10000240579.70999;-136.82633972167969;-184.41618347167969
10000242028.985352;-137.01927185058594;-184.73246765136719
10000243478.260714;-136.47697448730469;-190.60171508789062
10000244927.536076;-136.80593872070312;-188.52772521972656
10000246376.811438;-138.10845947265625;-183.60760498046875
10000247826.0868;-136.88998413085937;-184.525634765625
10000249275.362162;-125.24441528320312;-200
10000250724.637524;-136.35736083984375;-193.359619140625
10000252173.912886;-137.32989501953125;-199.61001586914063
10000253623.188248;-137.88475036621094;-181.632080078125
10000255072.46361;-136.71821594238281;-185.0657958984375
10000256521.738972;-137.27488708496094;-182.65892028808594
10000257971.014334;-135.98847961425781;-184.74220275878906
10000259420.289696;-136.98268127441406;-183.17056274414062
10000260869.565058;-136.88252258300781;-193.65054321289062
10000262318.84042;-136.90676879882812;-191.12420654296875
10000263768.115782;-136.74507141113281;-199.66413879394531
10000265217.391144;-136.54402160644531;-193.70967102050781
10000266666.666506;-137.47906494140625;-188.12469482421875
10000268115.941868;-136.96116638183594;-192.38442993164062
10000269565.21723;-137.67483520507812;-183.14385986328125
10000271014.492592;-138.69027709960937;-188.5946044921875
10000272463.767954;-136.67030334472656;-190.00907897949219
10000273913.043316;-136.11647033691406;-198.16743469238281
10000275362.318678;-136.37089538574219;-192.11795043945313
10000276811.59404;-137.5391845703125;-182.07266235351562
10000278260.869402;-135.40171813964844;-194.778564453125
10000279710.144764;-136.22978210449219;-191.88523864746094
10000281159.420126;-137.70677185058594;-191.51493835449219
10000282608.695488;-137.06333923339844;-189.00267028808594
10000284057.97085;-136.31317138671875;-191.6611328125
10000285507.246212;-136.42051696777344;-192.21733093261719
10000286956.521574;-137.595458984375;-196.60548400878906
10000288405.796936;-136.35362243652344;-193.33308410644531
10000289855.072298;-137.24734497070313;-193.76496887207031
10000291304.34766;-137.80894470214844;-196.24089050292969
10000292753.623022;-137.126953125;-186.43083190917969
10000294202.898384;-137.45751953125;-190.67338562011719
10000295652.173746;-135.42568969726562;-195.92893981933594
10000297101.449108;-136.6363525390625;-184.17062377929687
10000298550.72447;-137.03437805175781;-190.11421203613281
10000299999.999832;-137.60676574707031;-187.77206420898437
10000301449.275194;-137.54751586914062;-197.53660583496094
10000302898.550556;-136.76670837402344;-188.01197814941406
10000304347.825918;-137.27120971679687;-186.3304443359375
10000305797.10128;-136.66323852539062;-186.87570190429688
10000307246.376642;-136.32806396484375;-183.76095581054687
10000308695.652004;-136.91191101074219;-196.58705139160156
10000310144.927366;-136.70195007324219;-189.52113342285156
10000311594.202728;-136.65068054199219;-186.78408813476562
10000313043.47809;-136.4832763671875;-193.61328125
10000314492.753452;-128.89511108398437;-185.70191955566406
10000315942.028814;-137.34297180175781;-193.9771728515625
10000317391.304176;-137.10453796386719;-180.05918884277344
10000318840.579538;-136.97299194335937;-181.19593811035156
10000320289.8549;-137.52105712890625;-184.29920959472656
10000321739.130262;-137.12728881835937;-186.52531433105469
10000323188.405624;-138.19766235351562;-199.52076721191406
10000324637.680986;-137.38639831542969;-192.82878112792969
10000326086.956348;-136.85090637207031;-184.69224548339844
10000327536.23171;-137.22459411621094;-181.58293151855469
10000328985.507072;-138.02723693847656;-176.00645446777344
10000330434.782434;-138.8448486328125;-170.78125
10000331884.057796;-138.65644836425781;-169.47502136230469
10000333333.333158;-139.34263610839844;-167.73046875
10000334782.608521;-138.69178771972656;-171.47007751464844
10000336231.883883;-138.08537292480469;-171.12384033203125
10000337681.159245;-138.33866882324219;-172.71061706542969
10000339130.434607;-137.46305847167969;-177.12977600097656
10000340579.709969;-136.64143371582031;-179.18928527832031
10000342028.985331;-137.97398376464844;-190.36996459960937
10000343478.260693;-134.714111328125;-188.36054992675781
10000344927.536055;-137.26522827148437;-199.03535461425781
10000346376.811417;-137.21772766113281;-190.8770751953125
10000347826.086779;-136.59355163574219;-189.05134582519531
10000349275.362141;-137.88571166992187;-198.62211608886719
10000350724.637503;-137.54107666015625;-188.25668334960937
10000352173.912865;-136.54750061035156;-192.09255981445312
10000353623.188227;-137.28311157226562;-188.32575988769531
10000355072.463589;-137.31936645507812;-200
10000356521.738951;-136.80622863769531;-200
10000357971.014313;-137.0960693359375;-193.35636901855469
10000359420.289675;-138.32133483886719;-186.26068115234375
10000360869.565037;-137.59892272949219;-193.32188415527344
10000362318.840399;-136.87757873535156;-183.3084716796875
10000363768.115761;-137.61012268066406;-191.253662109375
10000365217.391123;-137.302734375;-185.43592834472656
10000366666.666485;-137.71800231933594;-185.68641662597656
10000368115.941847;-135.7249755859375;-186.63468933105469
10000369565.217209;-136.19186401367187;-183.77566528320312
10000371014.492571;-135.78741455078125;-183.05003356933594
10000372463.767933;-137.04693603515625;-195.3880615234375
10000373913.043295;-136.41819763183594;-186.74461364746094
10000375362.318657;-136.39768981933594;-192.37763977050781
10000376811.594019;-127.56300354003906;-200
10000378260.869381;-137.95150756835937;-181.07771301269531
10000379710.144743;-136.55191040039062;-184.51097106933594
10000381159.420105;-137.15660095214844;-187.36430358886719
10000382608.695467;-136.58181762695312;-189.1141357421875
10000384057.970829;-137.54751586914062;-186.66978454589844
10000385507.246191;-137.19058227539062;-191.78277587890625
10000386956.521553;-136.98211669921875;-184.75611877441406
10000388405.796915;-137.44557189941406;-195.75068664550781
10000389855.072277;-136.52975463867187;-188.66043090820312
10000391304.347639;-137.24639892578125;-186.18257141113281
10000392753.623001;-137.48040771484375;-186.36087036132812
10000394202.898363;-137.167236328125;-200
10000395652.173725;-136.64604187011719;-183.62989807128906
10000397101.449087;-137.14889526367187;-181.68043518066406
10000398550.724449;-137.751220703125;-196.32621765136719
10000399999.999811;-136.90509033203125;-191.34791564941406
10000401449.275173;-135.7578125;-192.27767944335937
10000402898.550535;-137.54057312011719;-192.06320190429687
10000404347.825897;-135.66592407226562;-191.77244567871094
10000405797.101259;-136.36129760742187;-200
10000407246.376621;-137.16867065429687;-187.5738525390625
10000408695.651983;-125.91386413574219;-189.56205749511719
10000410144.927345;-137.498779296875;-181.3294677734375
10000411594.202707;-137.60107421875;-186.40911865234375
10000413043.478069;-137.46031188964844;-186.90483093261719
10000414492.753431;-137.05593872070312;-188.20909118652344
10000415942.028793;-135.60476684570312;-189.9473876953125
10000417391.304155;-137.12669372558594;-194.01097106933594
10000418840.579517;-136.08345031738281;-188.68968200683594
10000420289.854879;-137.40019226074219;-188.60406494140625
10000421739.130241;-137.34297180175781;-192.22587585449219
10000423188.405603;-137.40248107910156;-200
10000424637.680965;-137.0958251953125;-187.98442077636719
10000426086.956327;-137.56336975097656;-184.77729797363281
10000427536.231689;-137.44268798828125;-186.40473937988281
10000428985.507051;-136.07188415527344;-200
10000430434.782413;-137.12867736816406;-195.22344970703125
10000431884.057775;-137.56210327148437;-192.94131469726562
10000433333.333138;-137.116943359375;-182.73709106445312
10000434782.6085;-136.21922302246094;-187.5430908203125
10000436231.883862;-136.99983215332031;-193.36477661132812
10000437681.159224;-137.12509155273437;-189.90174865722656
10000439130.434586;-136.54527282714844;-187.91456604003906
10000440579.709948;-137.42350769042969;-188.52618408203125
10000442028.98531;-137.17558288574219;-187.21047973632812
10000443478.260672;-137.87130737304688;-183.03877258300781
10000444927.536034;-137.54408264160156;-186.22396850585937
10000446376.811396;-137.35809326171875;-182.88027954101562
10000447826.086758;-136.65188598632812;-182.16464233398437
10000449275.36212;-136.84454345703125;-194.68751525878906
10000450724.637482;-137.30838012695312;-191.69451904296875
10000452173.912844;-136.6326904296875;-182.09385681152344
10000453623.188206;-137.00254821777344;-188.26251220703125
10000455072.463568;-135.91746520996094;-196.64508056640625
10000456521.73893;-136.76066589355469;-187.6507568359375
10000457971.014292;-137.31271362304688;-185.43235778808594
10000459420.289654;-136.65672302246094;-185.23497009277344
10000460869.565016;-136.8768310546875;-187.10130310058594
10000462318.840378;-136.85432434082031;-200
10000463768.11574;-136.02581787109375;-187.24739074707031
10000465217.391102;-136.65567016601562;-191.62126159667969
10000466666.666464;-137.19007873535156;-194.7684326171875
10000468115.941826;-136.72154235839844;-180.44453430175781
10000469565.217188;-136.22126770019531;-186.53596496582031
10000471014.49255;-136.51725769042969;-185.07943725585937
10000472463.767912;-137.655517578125;-180.1282958984375
10000473913.043274;-129.1143798828125;-200
10000475362.318636;-137.565673828125;-178.8428955078125
10000476811.593998;-136.97109985351562;-184.16221618652344
10000478260.86936;-136.75004577636719;-191.01115417480469
10000479710.144722;-137.16854858398438;-188.2930908203125
10000481159.420084;-137.54191589355469;-187.25897216796875
10000482608.695446;-136.64462280273438;-188.45761108398437
10000484057.970808;-136.02433776855469;-192.12541198730469
10000485507.24617;-138.42713928222656;-190.59114074707031
10000486956.521532;-137.30300903320312;-196.87759399414062
10000488405.796894;-136.87197875976562;-182.7308349609375
10000489855.072256;-137.9541015625;-198.103271484375
10000491304.347618;-136.77044677734375;-188.39006042480469
10000492753.62298;-137.88583374023437;-193.96649169921875
10000494202.898342;-136.60798645019531;-186.00892639160156
10000495652.173704;-137.71553039550781;-184.16450500488281
10000497101.449066;-138.06228637695312;-188.87858581542969
10000498550.724428;-135.55319213867187;-193.94346618652344
10000499999.99979;-136.33584594726562;-186.47627258300781
